COSMOS 2425 (716)       
1 29670U 06062A   20323.17674142  .00000004  00000-0  00000+0 0  9993
2 29670  64.9076 262.5904 0024411 342.6209  76.4328  2.13110049108161
COSMOS 2433 (720)       
1 32275U 07052A   20322.76858682 -.00000070  00000-0  00000+0 0  9999
2 32275  66.0210  23.8230 0004566 230.3050  56.6698  2.13104383101678
COSMOS 2432 (719)       
1 32276U 07052B   20322.83895095 -.00000071  00000-0  00000+0 0  9998
2 32276  66.0337  23.9129 0009070 317.6399 333.1133  2.13103544101672
COSMOS 2434 (721)       
1 32393U 07065A   20323.08661926  .00000004  00000-0  00000+0 0  9999
2 32393  64.5247 261.1489 0001057  98.1454 320.6744  2.13103021100397
COSMOS 2436 (723)       
1 32395U 07065C   20322.71129653  .00000005  00000-0  00000+0 0  9997
2 32395  64.5335 261.2127 0014789 352.6895 274.3854  2.13102960100310
COSMOS 2456 (730)       
1 36111U 09070A   20322.78182662  .00000056  00000-0  00000-0 0  9998
2 36111  64.2469 140.8408 0002304 358.8541 359.4861  2.13099330 85046
COSMOS 2457 (733)       
1 36112U 09070B   20321.67485889  .00000063  00000-0  00000+0 0  9990
2 36112  64.2215 140.7668 0006910 146.2856 205.5028  2.13101366 85025
COSMOS 2459 (731)       
1 36400U 10007A   20322.58174235 -.00000069  00000-0  00000+0 0  9990
2 36400  65.9220  22.7793 0023539 346.4239  13.1263  2.13105187 83388
COSMOS 2461 (735)       
1 36401U 10007B   20322.65648271 -.00000070  00000-0  00000-0 0  9998
2 36401  65.9169  22.7427 0017924   4.6996  54.4961  2.13103724 83400
COSMOS 2460 (732)       
1 36402U 10007C   20323.16954913 -.00000073  00000-0  00000+0 0  9991
2 36402  65.9039  22.6868 0001967 202.7184 192.8904  2.13101336 83417
COSMOS 2464 (736)       
1 37139U 10041C   20323.13574799  .00000004  00000-0  00000+0 0  9997
2 37139  64.1238 260.5116 0027208   7.2776 311.6942  2.13100552 79469
COSMOS 2471 (701K)      
1 37372U 11009A   20322.83511986 -.00000071  00000-0  00000+0 0  9991
2 37372  65.8998  22.6378 0010542 224.0051  78.2372  2.13107532 75671
COSMOS 2476 (744)       
1 37867U 11064A   20323.15575808  .00000056  00000-0  00000+0 0  9992
2 37867  64.5405 141.9567 0018320 231.9120 313.7874  2.13101910 70404
COSMOS 2477 (745)       
1 37868U 11064B   20323.19810819  .00000056  00000-0  00000+0 0  9991
2 37868  64.5486 142.0135 0015781 232.1204 164.5162  2.13101809 70365
COSMOS 2475 (743)       
1 37869U 11064C   20323.19696934  .00000056  00000-0  00000+0 0  9992
2 37869  64.5565 142.0162 0019242 256.7328  96.5745  2.13102056 70365
COSMOS 2485 (747)       
1 39155U 13019A   20322.86429633  .00000057  00000-0  00000+0 0  9998
2 39155  64.7074 142.2686 0019008 227.1520 139.5067  2.13102014 58872
COSMOS 2492 (754)       
1 39620U 14012A   20322.70109472 -.00000070  00000-0  00000+0 0  9994
2 39620  65.7936  22.4616 0012333 315.9799 320.4241  2.13103328 51818
COSMOS 2500 (755)       
1 40001U 14032A   20322.90117447 -.00000072  00000-0  00000+0 0  9996
2 40001  65.7335  22.3620 0008348 205.5683  84.4819  2.13102483 50039
COSMOS 2501 (702K)      
1 40315U 14075A   20322.63887513  .00000003  00000-0  00000+0 0  9992
2 40315  63.8384 261.4157 0017401 214.3303  40.1162  2.13101388 46430
COSMOS 2514 (751)       
1 41330U 16008A   20323.11047154 -.00000073  00000-0  00000+0 0  9999
2 41330  65.5362  22.1876 0011967 213.0863  60.2689  2.13102957 37206
COSMOS 2516 (753)       
1 41554U 16032A   20323.02875731  .00000004  00000-0  00000+0 0  9997
2 41554  64.0616 261.5156 0013760 224.7018 237.0612  2.13101791 34813
COSMOS 2522 (752)       
1 42939U 17055A   20322.91307488  .00000004  00000-0  00000-0 0  9998
2 42939  64.2952 261.7460 0009025 252.2154 347.4048  2.13102074 24567
COSMOS 2527 (756)       
1 43508U 18053A   20323.14686719  .00000057  00000-0  00000+0 0  9990
2 43508  64.8732 142.1363 0006321 213.2099 237.7275  2.13102617 18869
COSMOS 2529 (757)       
1 43687U 18086A   20322.89619564  .00000004  00000-0  00000-0 0  9992
2 43687  64.5096 261.9052 0011643 271.8238 270.4403  2.13102132 15877
COSMOS 2534 (758)       
1 44299U 19030A   20323.10077484  .00000004  00000-0  00000+0 0  9995
2 44299  64.5797 261.7295 0014689 288.0510 186.1225  2.13101905 11528
COSMOS 2544 (759)       
1 44850U 19088A   20322.74003190  .00000058  00000-0  00000+0 0  9992
2 44850  64.8578 142.0176 0009248 259.9009 282.8629  2.13102327  7295
COSMOS 2545 (760)       
1 45358U 20018A   20322.93112781 -.00000073  00000-0  00000-0 0  9998
2 45358  64.8651  23.2782 0010551 242.3073 297.3506  2.13102826  5242
