COSMOS 2361 [-]         
1 25590U 98076A   20322.85319032  .00000037  00000-0  23574-4 0  9996
2 25590  82.9331 272.3363 0031989  13.7773  43.1046 13.72986507 97117
COSMOS 2378 [-]         
1 26818U 01023A   20322.56502771  .00000025  00000-0  10630-4 0  9994
2 26818  82.9250 291.6438 0032284 323.2009  36.6931 13.73946932975099
COSMOS 2389 [-]         
1 27436U 02026A   20322.87435206  .00000042  00000-0  27520-4 0  9992
2 27436  82.9529 236.5802 0046131 182.7238 242.5380 13.74950204927143
COSMOS 2398 [-]         
1 27818U 03023A   20322.64215072  .00000041  00000-0  28990-4 0  9997
2 27818  82.9509 196.5012 0030241 211.9432 147.9890 13.72183605874280
COSMOS 2407 [+]         
1 28380U 04028A   20322.62343123  .00000057  00000-0  42295-4 0  9996
2 28380  82.9571 143.4505 0038721 188.4856 171.5652 13.76083727819827
COSMOS 2414 [+]         
1 28521U 05002A   20323.05049251  .00000058  00000-0  35887-4 0  9999
2 28521  82.9468 143.9948 0041008  18.5697 341.6952 13.87626176801617
COSMOS 2429 [-]         
1 32052U 07038A   20322.95247882  .00000016  00000-0  30788-6 0  9993
2 32052  82.9800 267.0305 0038775 161.6486 198.6079 13.74932386661779
COSMOS 2454 [-]         
1 35635U 09039A   20323.00350546  .00000047  00000-0  25906-4 0  9993
2 35635  82.9528 131.4510 0018869 331.3269  28.6856 13.89656815574634
COSMOS 2463 [+]         
1 36519U 10017A   20323.21568979 -.00000030  00000-0 -49696-4 0  9993
2 36519  82.9572 306.0470 0036963  23.5933 336.6909 13.71449541528809
